[0.58, 0.63, 0.65, 0.69, 0.70, 0.72, 0.75, 0.77, 0.79, 0.80, 0.83, 0.84, 0.87, 0.88, 0.90, 0.90, 0.91, 0.93, 0.93, 0.94]
[0.65, 0.68, 0.70, 0.71, 0.68, 0.70, 0.76, 0.79, 0.79, 0.79, 0.83, 0.83, 0.86, 0.86, 0.87, 0.86, 0.87, 0.88, 0.89, 0.90]
[[933  63]
 [166 838]]
0.87


[0.59, 0.66, 0.70, 0.72, 0.74, 0.77, 0.79, 0.80, 0.82, 0.84, 0.85, 0.88, 0.89, 0.89, 0.90, 0.91, 0.92, 0.92, 0.93x, 0.94]
[0.64, 0.70, 0.70, 0.74, 0.76, 0.76, 0.79, 0.79, 0.82, 0.84, 0.86, 0.85, 0.85, 0.86, 0.87, 0.86, 0.88, 0.89, 0.88x, 0.89]
[[944  89]
 [145 822]]
0.8753993610223642

[0.58, 0.64, 0.68, 0.71, 0.73, 0.76, 0.80, 0.81, 0.83, 0.85, 0.86, 0.88, 0.88, 0.89, 0.91, 0.91, 0.91, 0.92, 0.92*, 0.93]
[0.66, 0.68, 0.71, 0.75, 0.76, 0.76, 0.81, 0.82, 0.79, 0.83, 0.83, 0.85, 0.88, 0.87, 0.86, 0.87, 0.87, 0.89, 0.89*, 0.89]
[[943  87]
 [137 833]]
0.8814814814814814

[0.58, 0.63, 0.66, 0.69, 0.70, 0.72, 0.73, 0.74, 0.76, 0.77, 0.78, 0.80, 0.82, 0.81, 0.83, 0.83, 0.85, 0.85, 0.86, 0.85]
[0.66, 0.68, 0.69, 0.70, 0.72, 0.75, 0.73, 0.74, 0.77, 0.74, 0.79, 0.79, 0.80, 0.80, 0.82, 0.84, 0.81, 0.84, 0.83, 0.83]
[[897  93]
 [246 764]]
0.8184252811997857


[0.58, 0.64, 0.66, 0.68, 0.70, 0.72, 0.74, 0.76, 0.77, 0.79, 0.80, 0.81, 0.82, 0.84, 0.85, 0.85, 0.87, 0.87, 0.89, 0.89]
0.84
[[962  70]
 [240 728]]
0.8244620611551529


[0.59, 0.66, 0.70, 0.73, 0.77, 0.80, 0.83, 0.85, 0.86, 0.87, 0.89, 0.90, 0.90, 0.92, 0.92, 0.92, 0.93, 0.94, 0.94, 0.94]
0.89
[[937  65]
 [151 847]]
0.886910994764398


[0.69, 0.76, 0.77, 0.80, 0.83, 0.84, 0.86, 0.88, 0.91, 0.92, 0.93, 0.93, 0.95, 0.96, 0.96, 0.96, 0.97, 0.97, 0.97, 0.98]
0.94
[[932  61]
 [ 68 939]]
0.9357249626307922